# GIMP colorrc
# 
# This file holds a list of recently used colors.

(color-history
    (color-rgba 0 0 0 1)
    (color-rgba 0.027450980618596077 0.48627451062202454 0.38823530077934265 1)
    (color-rgba 0.58431372549019611 0.97647058823529409 0.8901960784313725 1)
    (color-rgba 0.40784313725490196 0.32549019607843138 0.027450980392156862 1)
    (color-rgba 0.95686274509803926 0.82745098039215681 0.36862745098039218 1)
    (color-rgba 0.44705882668495178 0.51764708757400513 0.65882354974746704 1)
    (color-rgba 0.13725490196078433 0.16862745098039217 0.22352941176470589 1)
    (color-rgba 0.44313725829124451 0 0.031372550874948502 1)
    (color-rgba 1 0.3490196168422699 0.39215686917304993 1)
    (color-rgba 0.58039215686274515 0.42352941176470588 0.80392156862745101 1)
    (color-rgba 0.40000000596046448 0 0.60000002384185791 1)
    (color-rgba 0.46666666666666667 0.28235294117647058 0.71764705882352942 1)
    (color-rgba 0.25098039215686274 0.82745098039215681 0.32156862745098042 1)
    (color-rgba 0.074509803921568626 0.094117647058823528 0.25882352941176473 1)
    (color-rgba 1 1 1 1)
    (color-rgba 0.90196078431372551 0.51372549019607838 0.41176470588235292 1)
    (color-rgba 0.98431372549019602 0.96470588235294119 0.88627450980392153 1)
    (color-rgba 0.92549019607843142 0.80784313725490198 0.68235294117647061 1)
    (color-rgba 0.074509803921568626 0.074509803921568626 0.074509803921568626 1)
    (color-rgba 0.53333336114883423 0.53333336114883423 0.9843137264251709 1)
    (color-rgba 0.20784313976764679 0.20784313976764679 0.38823530077934265 1)
    (color-rgba 0.51544559001922607 0.51544559001922607 0.51544559001922607 1)
    (color-rgba 0.10666666666666669 0.10666666666666669 0.10666666666666669 1)
    (color-rgba 0.22328516840934753 0.22328516840934753 0.22328516840934753 1)
    (color-rgba 0.79607844352722168 0.79607844352722168 0.79607844352722168 1)
    (color-rgba 0.031372550874948502 0.031372550874948502 0.031372550874948502 1)
    (color-rgba 0.99607843160629272 0.99607843160629272 0.99607843160629272 1)
    (color-rgba 0.56078433990478516 0.56470590829849243 0.56862747669219971 1)
    (color-rgba 0.63137257099151611 0.63921570777893066 0.64313727617263794 1)
    (color-rgba 0.027450980392156862 0.058823529411764705 0.16862745098039217 1))

# end of colorrc
